1.258580666346517951e+01 1.639848033211422917e-01
1.264398772280007321e+01 1.672400146811036104e-01
1.270283591833441861e+01 1.705512844095403713e-01
1.276235889982078575e+01 1.739948236839531370e-01
1.282256440472805004e+01 1.775083885993672395e-01
1.288346025924717431e+01 1.811492929894825687e-01
1.294505437930856395e+01 1.848748783375392390e-01
1.300735477161105536e+01 1.887245259382216434e-01
1.307036953466271711e+01 1.926778305238161515e-01
1.313410685983359372e+01 1.967524280482640942e-01
1.319857503242051600e+01 2.009538151377086024e-01
1.326378243272409208e+01 2.052743967817235449e-01
1.332973753713810794e+01 2.097385623525402920e-01
1.339644891925135894e+01 2.143245271086030579e-01
1.346392525096215387e+01 2.190712043972962153e-01
1.353217530360558030e+01 2.239464567214221047e-01
1.360120794909370545e+01 2.289971297381944160e-01
1.367103216106885277e+01 2.341873082063220535e-01
1.374165701607007861e+01 2.395644560063314721e-01
1.381309169471306220e+01 2.450966618978616118e-01
1.388534548288349946e+01 2.508231601178564363e-01
1.395842777294418369e+01 2.567249621756739764e-01
1.403234806495594533e+01 2.628234560357405325e-01
1.410711596791254330e+01 2.691209127273548329e-01
1.418274120098978841e+01 2.756102338751248437e-01
1.425923359480893815e+01 2.823257809987126388e-01
1.433660309271457933e+01 2.892207278006182491e-01
1.441485975206719061e+01 2.963737050612871293e-01
1.449401374555050737e+01 3.036864001604869800e-01
1.457407536249388613e+01 3.112890472371749873e-01
1.465505501020981782e+01 3.190339244922746342e-01
1.473696321534679576e+01 3.270802304267325100e-01
1.481981062525768422e+01 3.352840937115901809e-01
1.490360800938378638e+01 3.437636556737826421e-01
1.498836626065477340e+01 3.524413415926146431e-01
1.507409639690467351e+01 3.613662782627160563e-01
1.516080956230408461e+01 3.705335677646489634e-01
1.524851702880883408e+01 3.799180743403915983e-01
1.533723019762523165e+01 3.895848631029816822e-01
1.542696060069211406e+01 3.994476789298220254e-01
1.551771990217991259e+01 4.095989896210227021e-01
1.560951990000688205e+01 4.199483741642900947e-01
1.570237252737273792e+01 4.305329474947039436e-01
1.579628985430985999e+01 4.413186890958773478e-01
1.589128408925228619e+01 4.522953622541667773e-01
1.598736758062271512e+01 4.634588632716591938e-01
1.608455281843770024e+01 4.747897961053171301e-01
1.618285243593122047e+01 4.863068313122300701e-01
1.628227921119689370e+01 4.980161113566705655e-01
1.638284606884903738e+01 5.099352462614923365e-01
1.648456608170273796e+01 5.221366670996094861e-01
1.658745247247322396e+01 5.345788476122557142e-01
1.669151861549466531e+01 5.474069588817258580e-01
1.679677803845875417e+01 5.606105629868773921e-01
1.690324442417317741e+01 5.741909353781458059e-01
1.701093161234025786e+01 5.884025116277828982e-01
1.711985360135599876e+01 6.030398374183367771e-01
1.723002455012976952e+01 6.183518277555151155e-01
1.734145877992478546e+01 6.343255914403738149e-01
1.745417077621982216e+01 6.508063539768245143e-01
1.756817519059215016e+01 6.682433193923262849e-01
1.768348684262213055e+01 6.862563879896288466e-01
1.780012072181961713e+01 7.049873139156870305e-01
1.791809198957248839e+01 7.246131653270861950e-01
1.803741598111747635e+01 7.448135304901772891e-01
1.815810820753360488e+01 7.658158436799342716e-01
1.828018435775851103e+01 7.875371800486079543e-01
1.840366030062789449e+01 8.098310403129851398e-01
1.852855208693826228e+01 8.329389336900974161e-01
1.865487595153344813e+01 8.566784672478051643e-01
1.878264831541497770e+01 8.809880210058387284e-01
1.891188578787666685e+01 9.060825761064883466e-01
1.904260516866366615e+01 9.317286685328345364e-01
1.917482345015632106e+01 9.579149279679448625e-01
1.930855781957897932e+01 9.847669130604397303e-01
1.944382566123420730e+01 1.012079346236621991e+00
1.958064455876261434e+01 1.039860187246739898e+00
1.971903229742855856e+01 1.068104523635728942e+00
1.985900686643205049e+01 1.096711291252932874e+00
2.000058646124723083e+01 1.125694481260699265e+00
2.014378948598762165e+01 1.155014024007181339e+00
2.028863455579846686e+01 1.184667494959157352e+00
2.043514049927656373e+01 1.214676786293735766e+00
2.058332636091781254e+01 1.244963839000662542e+00
2.073321140359283277e+01 1.275531311890303776e+00
2.088481511105099031e+01 1.306401918240165383e+00
2.103815719045308441e+01 1.337477439786692202e+00
2.119325757493308870e+01 1.368735928838691329e+00
2.135013642618935492e+01 1.400218188251459051e+00
2.150881413710540357e+01 1.431848930415272836e+00
2.166931133440083812e+01 1.463490086036155713e+00
2.183164888131259929e+01 1.495240621442057272e+00
2.199584788030708538e+01 1.527073555456175846e+00
2.216192967582324513e+01 1.558720297791091891e+00
2.232991585704712634e+01 1.590304922665434439e+00
2.249982826071835262e+01 1.621827965453721543e+00
2.267168897396867777e+01 1.653114002092730850e+00
2.284552033719310415e+01 1.684000698750064196e+00
2.302134494695399169e+01 1.714624416462758205e+00
2.319918565891834206e+01 1.744944762374168956e+00
2.337906559082888336e+01 1.774552073073910385e+00
2.356100812550918633e+01 1.803582191298070292e+00
2.374503691390318849e+01 1.832064824291232519e+00
2.393117587814963088e+01 1.859898392371890363e+00
2.411944921469173764e+01 1.886534855246866371e+00
2.430988139742249743e+01 1.912332140310752493e+00
2.450249718086613981e+01 1.937250589120416144e+00
2.469732160339592042e+01 1.961048636321458094e+00
2.489437999048893246e+01 1.983315367439785426e+00
2.509369795801824310e+01 2.004385931089912365e+00
2.529530141558256418e+01 2.024208101417401373e+00
2.549921656987454810e+01 2.042484402772692498e+00
2.570546992808716169e+01 2.058837741233577212e+00
2.591408830135955910e+01 2.073661388329633759e+00
2.612509880826222997e+01 2.086897454709606414e+00
2.633852887832217604e+01 2.098313126438381637e+00
2.655440625558854251e+01 2.107389551043044040e+00
2.677275900223909133e+01 2.114648278407074145e+00
2.699361550222797490e+01 2.120036475707152590e+00
2.721700446497555248e+01 2.123501538948593836e+00
2.752791083160852992e+01 2.124393559711315049e+00
2.780190848154702721e+01 2.121895052690151218e+00
2.807904375355587234e+01 2.116349734801346472e+00
2.835935257740398896e+01 2.107834405119259902e+00
2.864287129430199030e+01 2.096435183198521734e+00
2.892963666161356073e+01 2.082259719346703619e+00
2.921968585762106230e+01 2.065456548343203025e+00
2.951305648634552981e+01 2.046191359748136485e+00
2.980978658242193191e+01 2.024634129806234029e+00
3.010991461603024533e+01 2.000943805754189952e+00
3.041347949788302074e+01 1.975260528188374387e+00
3.072052058427002663e+01 1.947817348967120221e+00
3.103107768216063533e+01 1.918795586206559101e+00
3.134519105436477204e+01 1.888387293743635453e+00
3.166290142475277847e+01 1.856779524363121325e+00
3.198424998353521431e+01 1.824147382657867134e+00
3.230927839260298384e+01 1.790659859184935421e+00
3.263802879092871478e+01 1.756480932285784391e+00
3.297054380002995089e+01 1.721764836858468151e+00
3.330686652949487581e+01 1.686640549490463936e+00
3.364704058257137831e+01 1.651243402919115866e+00
3.399111006182006633e+01 1.615684407710938686e+00
3.433911957483206123e+01 1.580059073969986461e+00
3.469111424001216193e+01 1.544456192378444559e+00
3.504713969242843774e+01 1.508959673529449041e+00
3.540724208972858378e+01 1.473649307662679542e+00
3.577146811812408345e+01 1.438593692297001958e+00
3.613986499844313016e+01 1.403842424965709546e+00
3.651248049225242198e+01 1.369434176816188398e+00
3.688936290804952023e+01 1.335404045107321469e+00
3.727056110752576501e+01 1.301804071815491515e+00
3.765612451190108345e+01 1.268651871809008513e+00
3.804610310833137277e+01 1.235972892748046892e+00
3.844054745638903370e+01 1.203789652704602586e+00
3.883950869461810385e+01 1.172122433838114208e+00
3.924303854716396245e+01 1.140994881945079253e+00
3.965118933047936878e+01 1.110419352391280867e+00
4.006401396010710414e+01 1.080410162687139408e+00
4.048156595754035436e+01 1.050980514210577255e+00
4.090389945716151487e+01 1.022142974625818379e+00
4.133106921326058369e+01 9.939122470768972928e-01
4.176313060713401626e+01 9.662936989830850365e-01
4.220013965426454661e+01 9.393202929062076656e-01
4.264215301158357363e+01 9.129732507507677397e-01
4.308922798481653871e+01 8.872510077804514061e-01
4.354142253591239609e+01 8.621545490914286347e-01
4.399879529055827732e+01 8.376839822382708967e-01
4.446140554578002480e+01 8.138383151215446976e-01
4.492931327763008653e+01 7.906160722918478267e-01
4.540257914896292135e+01 7.680158747247318729e-01
4.588126451730011723e+01 7.460368580484582068e-01
4.636543144278486750e+01 7.246679911709945632e-01
4.685514269622817096e+01 7.039030401335261145e-01
4.735046176724672051e+01 6.837357012803804146e-01
4.785145287249411439e+01 6.641587618424900086e-01
4.835818096398658383e+01 6.451632579997474970e-01
4.887071173752351427e+01 6.267675709621731706e-01
4.938911164120496267e+01 6.089353516310174186e-01
4.991344788404630606e+01 5.916605101647899323e-01
5.044378844469176215e+01 5.749281061699758055e-01
5.098020208022769140e+01 5.587264339323413376e-01
5.152275833509650482e+01 5.430445363875546771e-01
5.207152755011320977e+01 5.278694158722703200e-01
5.262658087158460773e+01 5.131854773238799794e-01
5.318799026053345358e+01 4.989749313796801866e-01
5.375582850202776086e+01 4.852195968668798765e-01
5.433016921461734938e+01 4.719022353388948599e-01
5.491108685987815363e+01 4.590060977159644562e-01
5.549865675206594062e+01 4.465170176812440772e-01
5.609295506788080132e+01 4.344190946491550687e-01
5.669405885634286335e+01 4.226965673203901819e-01
5.730204604878186103e+01 4.113350561763519098e-01
5.791699546894034256e+01 4.003307443791276343e-01
5.853898684319317169e+01 3.896637562347105010e-01
5.916810081088377871e+01 3.793189628859218177e-01
5.980441893477873094e+01 3.692849496785257646e-01
6.044802371164222166e+01 3.595498049412066965e-01
6.109899858293136532e+01 3.501026843667591759e-01
6.175742794561436000e+01 3.409333478365641490e-01
6.242339716311204256e+01 3.320331727877194883e-01
6.309699257636527392e+01 3.233930756619340929e-01
6.377830151502859479e+01 3.150030822544822584e-01
6.446741230879229079e+01 3.068538332455112982e-01
6.516441429883418834e+01 2.989368655261573915e-01
6.586939784940227582e+01 2.912442143168036957e-01
6.658245435953037372e+01 2.837682336445381814e-01
6.730367627488759297e+01 2.765018184321412775e-01
6.803315709976369874e+01 2.694384372603628730e-01
6.877099140919173692e+01 2.625706939433265497e-01
6.951727486120925903e+01 2.558918774263860829e-01
7.027210420926023460e+01 2.493957738222747356e-01
7.103557731473867420e+01 2.430769660850480296e-01
7.180779315967646426e+01 2.369334425026690116e-01
7.258885185957547037e+01 2.309556851722761595e-01
7.337885467638787418e+01 2.251380037312925575e-01
7.417790403164396196e+01 2.194747974301789473e-01
7.498610351973115939e+01 2.139611086781266769e-01
7.580355792132449722e+01 2.085922179870334237e-01
7.663037321697106563e+01 2.033635837821664571e-01
7.746665660083053240e+01 1.982708350185121704e-01
7.831251649457183817e+01 1.933100583748748602e-01
7.916806256143040343e+01 1.884772206533067429e-01
8.003340572042519341e+01 1.837681765910378351e-01
8.090865816073934980e+01 1.791790496935832255e-01
8.179393335626498640e+01 1.747062299608360125e-01
8.268934608031470646e+01 1.703463273943408574e-01
8.359501242050195913e+01 1.660962454894446827e-01
8.451104979379098836e+01 1.619533102611918629e-01
8.543757696172004046e+01 1.579151892014242220e-01
8.637471404579804357e+01 1.539791520909316036e-01
8.732258254307826917e+01 1.501421317118809551e-01
8.828130534191008394e+01 1.464016352177552882e-01
8.925100673787073902e+01 1.427552312799392764e-01
9.023181244988053606e+01 1.392005486449475749e-01
9.122384963650105760e+01 1.357352747242953628e-01
9.222724691242186168e+01 1.323571611653411306e-01
9.324213436513410613e+01 1.290641246416515120e-01
9.426864357179660203e+01 1.258548503685132380e-01
9.530690761629423946e+01 1.227271635969127694e-01
9.635706110649178413e+01 1.196780119624534233e-01
9.741924019168565962e+01 1.167054178669429398e-01
9.849358258025489476e+01 1.138074640012760597e-01
9.958022755751508726e+01 1.109823607382569577e-01
1.006793160037759804e+02 1.082283111425705324e-01
1.017909904126063196e+02 1.055434379560640790e-01
1.029153949093076648e+02 1.029261308055605673e-01
1.040526752695999591e+02 1.003746844862291043e-01
1.052029789385207579e+02 9.788735953363608688e-02
1.063664550495408321e+02 9.546251970659291874e-02
1.075432544438996700e+02 9.309859891635813289e-02
1.087335296901606085e+02 9.079406925657290683e-02
1.099374351039914757e+02 8.854744014016741049e-02
1.111551267681710726e+02 8.635725745289302147e-02
1.123867625528251040e+02 8.422210272321950519e-02
1.136325021358927074e+02 8.214059230834969139e-02
1.148925070238292534e+02 8.011144649022799991e-02
1.161669405725443482e+02 7.813336142654159211e-02
1.174559680085812090e+02 7.620496029111967218e-02
1.187597564505373384e+02 7.432498777788426603e-02
1.200784749307308772e+02 7.249222364649016148e-02
1.214122944171151630e+02 7.070547787917585980e-02
1.227613878354448076e+02 6.896358997464999141e-02
1.241259300916942578e+02 6.726542825634240774e-02
1.255060980947342415e+02 6.560988919479826542e-02
1.269020707792672056e+02 6.399589674400307793e-02
1.283140291290258972e+02 6.242240402483356654e-02
1.297421562002374174e+02 6.088840876179119066e-02
1.311866371453559736e+02 5.939295670288080586e-02
1.326476592370669039e+02 5.793500036721735413e-02
1.341254118925662624e+02 5.651359479074263836e-02
1.356200866981185698e+02 5.512785159898589415e-02
1.371318774338947151e+02 5.377690292311443354e-02
1.386609800990958661e+02 5.245979241088971623e-02
1.402075929373631595e+02 5.117580364817100880e-02
1.417719164624799930e+02 4.992419861076941023e-02
1.433541534843683678e+02 4.870390281871328497e-02
1.449545091353818975e+02 4.751412522164394359e-02
1.465731908969009112e+02 4.635409469139478711e-02
1.482104086262318674e+02 4.522305953704047754e-02
1.498663745838144337e+02 4.412031967363011509e-02
1.515413034607410339e+02 4.304514039352647092e-02
1.532354124065905125e+02 4.199681081010239736e-02
1.549489210575807476e+02 4.097465071967437700e-02
1.566820515650439063e+02 3.997799902396362293e-02
1.584350286242284085e+02 3.900621135297355213e-02
1.602080795034288769e+02 3.805866486609779664e-02
1.620014340734518896e+02 3.713477867255088327e-02
1.638153248374171085e+02 3.623391706287570901e-02
1.656499869609009750e+02 3.535549867533635537e-02
1.675056583024258430e+02 3.449895690302814955e-02
1.693825794442968231e+02 3.366373952748399900e-02
1.712809937237927045e+02 3.284930836089736128e-02
1.732011472647140522e+02 3.205513889679730000e-02
1.751432890092924026e+02 3.128072242290703964e-02
1.771076707504652461e+02 3.052557105345521382e-02
1.790945471645198097e+02 2.978919318731505783e-02
1.811041758441108129e+02 2.907110792963181478e-02
1.831368173316570278e+02 2.837084465283953860e-02
1.851927351531201396e+02 2.768789002709720615e-02
1.872721958521696877e+02 2.702177832885299669e-02
1.893754690247394308e+02 2.637208210359548444e-02
1.915028273539799670e+02 2.573839048029019638e-02
1.936545466456111342e+02 2.512030293283468163e-02
1.958309058636801012e+02 2.451742902124286194e-02
1.980321871667273967e+02 2.392938813914419205e-02
2.002586759443682070e+02 2.335580926745219055e-02
2.025106608542920128e+02 2.279633073405999688e-02
2.047884338596865632e+02 2.225060483844013004e-02
2.070922902670904762e+02 2.171829110721792966e-02
2.094225287646780771e+02 2.119904603524935816e-02
2.117794514609836369e+02 2.069254274669682370e-02
2.141633639240685909e+02 2.019846293325829045e-02
2.165745752211384172e+02 1.971649630949112719e-02
2.190133979586118187e+02 1.924634041099626547e-02
2.214801483226486880e+02 1.878770039758967392e-02
2.239751461201433074e+02 1.834028886134314584e-02
2.264987148201860805e+02 1.790382563937968630e-02
2.290511815960007880e+02 1.747803763131001997e-02
2.316328773673614876e+02 1.706265862120068255e-02
2.342441368434945730e+02 1.665742910396482424e-02
2.368852985664735513e+02 1.626209652947435691e-02
2.395567049551102627e+02 1.587641679933227135e-02
2.422587023493474589e+02 1.550015187835701580e-02
2.449916410551620061e+02 1.513293274188566573e-02
2.477558753899798489e+02 1.477459015984031176e-02
2.505517637286125705e+02 1.442494588706665082e-02
2.533796685497205772e+02 1.408378500724673243e-02
2.562399564828061784e+02 1.375089796461319291e-02
2.591329983557465084e+02 1.342608043028648696e-02
2.620591692428697570e+02 1.310913317189869171e-02
2.650188485135834071e+02 1.279986192642589005e-02
2.680124198815576619e+02 1.249807727615294406e-02
2.710402714544732135e+02 1.220359452769642639e-02
2.741027957843377862e+02 1.191623363074473252e-02
2.772003899183791873e+02 1.163581933942058055e-02
2.803334554505225924e+02 1.136218096065195332e-02
2.835023985734541156e+02 1.109515206923424036e-02
2.867076301312844748e+02 1.083458491026011161e-02
2.899495656728120707e+02 1.058032377251904438e-02
2.932286255053980426e+02 1.033219484838190927e-02
2.965452347494587571e+02 1.009004763194305820e-02
2.998998233935810731e+02 9.853735338786070996e-03
3.032928263502680011e+02 9.623114808377325469e-03
3.067246835123249298e+02 9.398046415202164494e-03
3.101958398098900034e+02 9.178393982032739817e-03
3.137067452681185387e+02 8.964024695278974275e-03
3.172578550655274512e+02 8.754809022374444860e-03
3.208496295930060001e+02 8.550620631150467055e-03
3.244825345135065504e+02 8.351336311152118830e-03
3.281570408224150128e+02 8.156835896851614975e-03
3.318736249086151702e+02 7.967002192714907338e-03
3.356327686162490522e+02 7.781720900078600844e-03
3.394349593071883646e+02 7.600880545794774790e-03
3.432806899242189616e+02 7.424372412602860127e-03
3.471704590549491627e+02 7.252090471188181453e-03
3.511047709964516912e+02 7.083933601770404931e-03
3.550841358206413929e+02 6.919803787088694980e-03
3.591090694404068699e+02 6.759598373217136358e-03
3.631800936764960284e+02 6.603220148957304747e-03
3.672977363251698648e+02 6.450575581477296927e-03
3.714625312266284141e+02 6.301574888524993923e-03
3.756750183342215905e+02 6.156128715914095662e-03
3.799357437844525975e+02 6.014149280359967764e-03
3.842452599677840226e+02 5.875551755031384327e-03
3.886041256002529281e+02 5.740253622892425855e-03
3.930129057959053966e+02 5.608174407059240973e-03
3.974721721400644014e+02 5.479235620301902560e-03
4.019825027634313983e+02 5.353360715781414758e-03
4.065444824170423317e+02 5.230475038992495052e-03
4.111587025480766897e+02 5.110505780883498050e-03
4.158257613765371161e+02 4.993381932125250111e-03
4.205462639728068552e+02 4.879034238501611664e-03
4.253208223360971942e+02 4.767395157394653527e-03
4.301500554737879725e+02 4.658398815338617160e-03
4.350345894816839518e+02 4.551980966616697016e-03
4.399750576251825578e+02 4.448079121859249002e-03
4.449721004213770357e+02 4.346632991638278015e-03
4.500263657220977507e+02 4.247582347154787302e-03
4.551385087979034552e+02 4.150868610555680932e-03
4.603091924230351424e+02 4.056435092372037698e-03
4.655390869613427753e+02 3.964226502860712653e-03
4.708288704531961457e+02 3.874188917238449020e-03
4.761792287033918001e+02 3.786269741774019038e-03
4.815908553700642756e+02 3.700417680717806024e-03
4.870644520546171066e+02 3.616582704048350999e-03
4.926007283926823561e+02 3.534764372725353321e-03
4.982004021461260663e+02 3.454880569700446991e-03
5.038641992961008782e+02 3.376874527344544963e-03
5.095928541371681035e+02 3.300700917953681979e-03
5.153871093724966386e+02 3.226315526279725093e-03
5.212477162101525892e+02 3.153675222032071429e-03
5.271754344604922835e+02 3.082737933056970553e-03
5.331710326346684496e+02 3.013462619178029767e-03
5.392352880442640526e+02 2.945809246682008775e-03
5.453689869020698779e+02 2.879738763434006726e-03
5.515729244240150138e+02 2.815213074606848914e-03
5.578479049322639867e+02 2.752195019009806565e-03
5.641947419594947633e+02 2.690648346001859453e-03
5.706142583543692126e+02 2.630537692975474379e-03
5.771072863882152433e+02 2.571828563396796191e-03
5.836746678629287999e+02 2.514487564410677195e-03
5.904057846608567388e+02 2.457836062352846546e-03
5.972150086169932592e+02 2.402506537161341882e-03
6.041032460784342675e+02 2.348462447959893951e-03
6.110714139094305892e+02 2.295673142643797626e-03
6.181204396134278340e+02 2.244108831717772645e-03
6.252512614565212061e+02 2.193740441556395193e-03
6.324648285923460662e+02 2.144539597188370797e-03
6.397621011884145901e+02 2.096478605489601743e-03
6.471440505539209198e+02 2.049530438775561819e-03
6.546116592690250400e+02 2.003668718783881489e-03
6.621659213156426631e+02 1.958867701037999773e-03
6.698078422097506746e+02 1.915102259583145033e-03
6.775384391352224611e+02 1.872347872086076864e-03
6.853587410792272294e+02 1.830580605289965773e-03
6.932697889691904720e+02 1.789777100816408381e-03
7.012726358113452534e+02 1.749914561306332994e-03
7.093683468308998954e+02 1.710970736891952865e-03
7.175579996138200158e+02 1.672923911992146503e-03
7.258426842502624368e+02 1.635752892423575008e-03
7.342235034796761965e+02 1.599436992820293946e-03
7.427015728375778281e+02 1.563956024354594757e-03
7.512780208040409207e+02 1.529293028125747536e-03
7.599539889538988291e+02 1.495426564112342996e-03
7.687306321086980461e+02 1.462337158457791345e-03
7.776091184904112197e+02 1.430006460246650846e-03
7.865906298769314162e+02 1.398412478486685956e-03
7.956763617593780964e+02 1.367537022244704609e-03
8.048675235012213989e+02 1.337363369459051293e-03
8.141653384992533802e+02 1.307875193907072700e-03
8.235710443464334958e+02 1.279056555728564498e-03
8.330858929966178721e+02 1.250891892177469558e-03
8.427111509311979489e+02 1.223366008596311200e-03
8.524480993276827121e+02 1.196464069607976882e-03
8.622980342302264489e+02 1.170171590519681129e-03
8.722622667221417032e+02 1.144474428933882695e-03
8.823421231004092533e+02 1.119358776561276206e-03
8.925389450522197876e+02 1.094811151230890879e-03
9.028540898335595557e+02 1.070818389092606515e-03
9.132889304498639831e+02 1.047367637007414268e-03
9.238448558387799494e+02 1.024446345120891104e-03
9.345232710550377533e+02 1.002042259615474815e-03
9.453255974574693710e+02 9.801434156372513390e-04
9.562532728982050685e+02 9.587381303929661674e-04
9.673077519140572349e+02 9.378149964132526106e-04
9.784905059201270205e+02 9.173628749779838554e-04
9.898030234056571999e+02 8.973708896998708329e-04
1.001246810132162523e+03 8.778284202624973137e-04
1.012823389333853129e+03 8.587250963090192063e-04
1.024534301920382859e+03 8.400507914779553956e-04
1.036381106681958954e+03 8.217956175824566931e-04
1.048365380496823946e+03 8.039499189296216153e-04
1.060488718541141679e+03 7.865042667764858206e-04
1.072752734501334544e+03 7.694494539193510660e-04
1.085159060788868373e+03 7.527765148003179654e-04
1.097709348757533007e+03 7.364766637577716338e-04
1.110405268923255107e+03 7.205413045005982370e-04
1.123248511186448241e+03 7.049620645768733124e-04
1.136240785056946152e+03 6.897307732700056968e-04
1.149383819881556065e+03 6.748394646462806470e-04
1.162679365074237467e+03 6.602803434208066174e-04
1.176129190348964357e+03 6.460457658800317429e-04
1.189735085955277555e+03 6.321282959339544552e-04
1.203498862916587086e+03 6.185206715772087818e-04
1.217422353271221937e+03 6.052158007495153993e-04
1.231507410316287178e+03 5.922067572955462197e-04
1.245755908854349855e+03 5.794867770218328773e-04
1.260169745442985004e+03 5.670492538483772396e-04
1.274750838647219780e+03 5.548877360526628319e-04
1.289501129294901148e+03 5.429959226038528000e-04
1.304422580735037855e+03 5.313676595849782525e-04
1.319517179099129180e+03 5.199969367010066901e-04
1.334786933565529125e+03 5.088778838707192637e-04
1.350233876626885603e+03 4.980047679003498859e-04
1.365860064360673050e+03 4.873719892370450418e-04
1.381667576702865745e+03 4.769740788001996731e-04
1.397658517724794137e+03 4.668056948887782873e-04
1.413835015913208508e+03 4.568616201628171794e-04
1.430199224453587931e+03 4.471367586972854399e-04
1.446753321516747519e+03 4.376261331065795651e-04
1.463499510548764192e+03 4.283248817379403661e-04
1.480440020564262340e+03 4.192282559321255410e-04
1.497577106443118282e+03 4.103316173497120398e-04
1.514913049230592833e+03 4.016304353614643698e-04
1.532450156440945420e+03 3.931202845011937119e-04
1.550190762364589773e+03 3.847968419796185882e-04
1.568137228378795271e+03 3.766558852577577693e-04
1.586291943261999677e+03 3.686932896784017241e-04
1.604657323511764616e+03 3.609050261542852411e-04
1.623235813666436798e+03 3.532871589115626001e-04
1.642029886630525198e+03 3.458358432872881555e-04
1.661042044003849014e+03 3.385473235795726649e-04
1.680274816414531870e+03 3.314179309491459800e-04
1.699730763855832947e+03 3.244440813711087571e-04
1.719412476026899640e+03 3.176222736356341600e-04
1.739322572677466496e+03 3.109490873964629309e-04
1.759463703956566860e+03 3.044211812660282609e-04
1.779838550765283571e+03 2.980352909560746513e-04
1.800449825113578527e+03 2.917882274627173547e-04
1.821300270481294092e+03 2.856768752948039836e-04
1.842392662183319089e+03 2.796981907446046724e-04
1.863729807738992577e+03 2.738492001997622043e-04
1.885314547245814310e+03 2.681269984955237176e-04
1.907149753757468943e+03 2.625287473062938234e-04
1.929238333666244444e+03 2.570516735755480967e-04
1.951583227089899538e+03 2.516930679831784305e-04
1.974187408263001771e+03 2.464502834493963873e-04
1.997053885932815319e+03 2.413207336742790449e-04
2.020185703759789249e+03 2.363018917121246718e-04
2.043585940722683517e+03 2.313912885797682166e-04
2.067257711528389791e+03 2.265865118980490978e-04
2.091204167026534378e+03 2.218852045656138049e-04
2.115428494628858516e+03 2.172850634643047792e-04
2.139933918733494011e+03 2.127838381953441049e-04
2.164723701154135142e+03 2.083793298455996913e-04
2.189801141554217338e+03 2.040693897831877962e-04
2.215169577886119896e+03 1.998519184817212566e-04
2.240832386835460511e+03 1.957248643725041128e-04
2.266792984270552552e+03 1.916862227240132173e-04
2.293054825697081924e+03 1.877340345479970064e-04
2.319621406718058097e+03 1.838663855315615138e-04
2.346496263499082033e+03 1.800814049946132707e-04
2.373682973239048806e+03 1.763772648720597462e-04
2.401185154646287174e+03 1.727521787201532349e-04
2.429006468420223428e+03 1.692044007464274177e-04
2.457150617738652727e+03 1.657322248626235620e-04
2.485621348750651123e+03 1.623339837600915828e-04
2.514422451075196932e+03 1.590080480070991432e-04
2.543557758305611969e+03 1.557528251675359670e-04
2.573031148519823091e+03 1.525667589404940301e-04
2.602846544796548642e+03 1.494483283202346566e-04
2.633007915737499843e+03 1.463960467760314250e-04
2.663519275995620774e+03 1.434084614514337386e-04
2.694384686809445157e+03 1.404841523824783452e-04
2.725608256543696825e+03 1.376217317343852043e-04
2.757194141236118867e+03 1.348198430563111744e-04
2.789146545150666952e+03 1.320771605537167815e-04
2.821469721337128249e+03 1.293923883779251813e-04
2.854167972197228664e+03 1.267642599324691251e-04
2.887245650057297098e+03 1.241915371958143659e-04
2.920707157747595375e+03 1.216730100600750455e-04
2.954556949188345243e+03 1.192074956853340049e-04
2.988799529982597051e+03 1.167938378691930987e-04
3.023439458015928267e+03 1.144309064311957273e-04
3.058481344063128290e+03 1.121175966117598979e-04
3.093929852401930475e+03 1.098528284852748685e-04
3.129789701433846858e+03 1.076355463870280922e-04
3.166065664312206081e+03 1.054647183536239728e-04
3.202762569577507747e+03 1.033393355765802307e-04
3.239885301800118214e+03 1.012584118687807379e-04
3.277438802230421061e+03 9.922098347065443080e-05
3.315428069456554567e+03 9.722610852453978519e-05
3.353858160069737096e+03 9.527286457708655093e-05
3.392734189337318639e+03 9.336035084222767989e-05
3.432061331883672665e+03 9.148768666971556808e-05
3.471844822378961908e+03 8.965401108253852509e-05
3.512089956235889986e+03 8.785848232519726311e-05
3.552802090314573434e+03 8.610027742257642634e-05
3.593986643635557812e+03 8.437859174916439650e-05
3.635649098101111576e+03 8.269263860837504365e-05
3.677794999224921867e+03 8.104164882172303162e-05
3.720429956870219030e+03 7.942487032762727238e-05
3.763559645996489962e+03 7.784156778960931757e-05
3.807189807414828920e+03 7.629102221366030560e-05
3.851326248552103152e+03 7.477253057456385247e-05
3.895974844223930177e+03 7.328540545095685310e-05
3.941141537416666324e+03 7.182897466892338746e-05
3.986832340078430661e+03 7.040258095391757620e-05
4.033053333919359375e+03 6.900558159081686838e-05
4.079810671221096982e+03 6.763734809191483330e-05
4.127110575655696266e+03 6.629726587266252837e-05
4.174959343114043804e+03 6.498473393497271929e-05
4.223363342543873841e+03 6.369916455791423907e-05
4.272329016797489203e+03 6.243998299561325568e-05
4.321862883489376145e+03 6.120662718219469813e-05
4.371971535863724966e+03 5.999854744359578960e-05
4.422661643672005994e+03 5.881520621608905732e-05
4.473939954060784657e+03 5.765607777135511609e-05
4.525813292469798398e+03 5.652064794795018474e-05
4.578288563540439100e+03 5.540841388901752290e-05
4.631372752034826590e+03 5.431888378609446913e-05
4.685072923765518681e+03 5.325157662886827962e-05
4.739396226535986898e+03 5.220602196074675995e-05
4.794349891092072539e+03 5.118175964009602161e-05
4.849941232084398507e+03 5.017833960702284841e-05
4.906177649042013400e+03 4.919532165555931709e-05
4.963066627357313337e+03 4.823227521113040983e-05
5.020615739282380673e+03 4.728877911317559864e-05
5.078832644936908764e+03 4.636442140280318779e-05
5.137725093327782815e+03 4.545879911536086261e-05
5.197300923380548738e+03 4.457151807780188133e-05
5.257568064982798205e+03 4.370219271073848971e-05
5.318534540039694548e+03 4.285044583506871733e-05
5.380208463541719539e+03 4.201590848307111678e-05
5.442598044644840229e+03 4.119821971385935087e-05
5.505711587763195894e+03 4.039702643309655596e-05
5.569557493674443322e+03 3.961198321686745794e-05
5.634144260637979642e+03 3.884275213961098806e-05
5.699480485526088160e+03 3.808900260601831393e-05
5.765574864968224574e+03 3.735041118680087601e-05
5.832436196508617286e+03 3.662666145824088016e-05
5.900073379777255468e+03 3.591744384543100500e-05
5.968495417674464079e+03 3.522245546912152088e-05
6.037711417569277728e+03 3.454139999608472336e-05
6.107730592511662508e+03 3.387398749291937756e-05
6.178562262458813166e+03 3.321993428321028032e-05
6.250215855515726616e+03 3.257896280796563661e-05
6.322700909190120001e+03 3.195080148925662699e-05
6.396027071661917034e+03 3.133518459698229636e-05
6.470204103067492724e+03 3.073185211868690540e-05
6.545241876798808335e+03 3.014054963235872960e-05
6.621150380817579389e+03 2.956102818214059172e-05
6.697939718984803221e+03 2.899304415688246745e-05
6.775620112405566942e+03 2.843635917147257618e-05
6.854201900789554202e+03 2.789073995087816386e-05
6.933695543827374422e+03 2.735595821683596768e-05
7.014111622582729069e+03 2.683179057712855708e-05
7.095460840900862422e+03 2.631801841738675742e-05
7.177754026833305943e+03 2.581442779535879622e-05
7.261002134079107236e+03 2.532080933758957663e-05
7.345216243442894665e+03 2.483695813845212749e-05
7.430407564309763984e+03 2.436267366147810412e-05
7.516587436137291661e+03 2.389775964293280441e-05
7.603767329964922283e+03 2.344202399758227914e-05
7.691958849940830078e+03 2.299527872660239204e-05
7.781173734866437371e+03 2.255733982757881801e-05
7.871423859758998333e+03 2.212802720654989501e-05
7.962721237432187991e+03 2.170716459204527536e-05
8.055078020095062129e+03 2.129457945107299677e-05
8.148506500969639092e+03 2.089010290701008707e-05
8.243019115927158055e+03 2.049356965935300937e-05
8.338628445143358476e+03 2.010481790528398328e-05
8.435347214773009910e+03 1.972368926301149451e-05
8.533188298643830421e+03 1.935002869684330530e-05
8.632164719970012811e+03 1.898368444395331402e-05
8.732289653085772443e+03 1.862450794280049479e-05
8.833576425198883953e+03 1.827235376316394900e-05
8.936038518164572451e+03 1.792707953775549796e-05
9.039689570280135740e+03 1.758854589537325224e-05
9.144543378100157497e+03 1.725661639556159846e-05
9.250613898272951701e+03 1.693115746474139149e-05
9.357915249398360174e+03 1.661203833377666015e-05
9.466461713906865043e+03 1.629913097694597832e-05
9.576267739960780091e+03 1.599231005228410481e-05
9.687347943377348201e+03 1.569145284326356167e-05
9.799717109574166898e+03 1.539643920178544083e-05
9.913390195537254840e+03 1.510715149244748218e-05
1.002838233181189571e+04 1.482347453806283312e-05
1.014470882451659600e+04 1.454529556639739705e-05
1.026238515738038768e+04 1.427250415810099701e-05
1.038142699380390331e+04 1.400499219580215917e-05
1.050185017894412886e+04 1.374265381434160681e-05
1.062367074182362376e+04 1.348538535211706154e-05
1.074690489746395906e+04 1.323308530351501142e-05
1.087156904904407929e+04 1.298565427240331660e-05
1.099767979008365546e+04 1.274299492666107134e-05
1.112525390665184932e+04 1.250501195372138172e-05
1.125430837960146710e+04 1.227161201710496880e-05
1.138486038682941944e+04 1.204270371392003971e-05
1.151692730556301103e+04 1.181819753330834205e-05
1.165052671467303480e+04 1.159800581581406408e-05
1.178567639701368716e+04 1.138204271365517053e-05
1.192239434178943702e+04 1.117022415187741459e-05
1.206069874694954342e+04 1.096246779036893527e-05
1.220060802161039101e+04 1.075869298671736128e-05
1.234214078850570877e+04 1.055882075988955320e-05
1.248531588646544151e+04 1.036277375471571531e-05
1.263015237292336133e+04 1.017047620715833423e-05
1.277666952645356650e+04 9.981853910349925384e-06
1.292488684933675358e+04 9.796834181380179897e-06
1.307482407015593344e+04 9.615345828816926734e-06
1.322650114642250082e+04 9.437319120943318731e-06
1.337993826723264647e+04 9.262685754695413253e-06
1.353515585595474658e+04 9.091378825283694684e-06
1.369217457294766427e+04 8.923332796484389909e-06
1.385101531831094144e+04 8.758483471582985619e-06
1.401169923466656837e+04 8.596767964957939892e-06
1.417424770997327687e+04 8.438124674287620286e-06
1.433868238037335323e+04 8.282493253368216962e-06
1.450502513307264417e+04 8.129814585527262273e-06
1.467329810925368656e+04 7.980030757620925458e-06
1.484352370702302505e+04 7.833085034600066241e-06
1.501572458439234833e+04 7.688921834633852953e-06
1.518992366229453546e+04 7.547486704776958967e-06
1.536614412763445216e+04 7.408726297169454761e-06
1.554440943637545024e+04 7.272588345755870193e-06
1.572474331666121543e+04 7.139021643513194832e-06
1.590716977197440792e+04 7.007976020174954985e-06
1.609171308433143349e+04 6.879402320441596066e-06
1.627839781751461851e+04 6.753252382665027222e-06
1.646724882034187613e+04 6.629479017997285816e-06
1.665829122997401282e+04 6.508035989992899846e-06
1.685155047526090493e+04 6.388877994654350257e-06
1.704705228012594307e+04 6.271960640911363187e-06
1.724482266699023603e+04 6.157240431523420534e-06
1.744488796023622854e+04 6.044674744396801675e-06
1.764727478971179153e+04 5.934221814306439168e-06
1.785201009427454483e+04 5.825840715013657321e-06
1.805912112537788562e+04 5.719491341770835424e-06
1.826863545069802785e+04 5.615134394204443968e-06
1.848058095780360964e+04 5.512731359567970006e-06
1.869498585786755939e+04 5.412244496356613662e-06
1.891187868942236310e+04 5.313636818275095739e-06
1.913128832215844886e+04 5.216872078551732395e-06
1.935324396076715493e+04 5.121914754589899986e-06
1.957777514882784453e+04 5.028730032950439062e-06
1.980491177274041547e+04 4.937283794656689836e-06
2.003468406570334264e+04 4.847542600815721650e-06
2.026712261173800653e+04 4.759473678548261917e-06
2.050225834975931139e+04 4.673044907220846411e-06
2.074012257769422285e+04 4.588224804972831894e-06
2.098074695664734463e+04 4.504982515532687435e-06
2.122416351511533867e+04 4.423287795316286708e-06
2.147040465325026526e+04 4.343111000801346596e-06
2.171950314717191941e+04 4.264423076171954094e-06
2.197149215333070606e+04 4.187195541226933822e-06
2.222640521292103585e+04 4.111400479546499596e-06
2.248427625634563083e+04 4.037010526911308261e-06
2.274513960773197687e+04 3.963998859968454131e-06
2.300902998950117399e+04 3.892339185138772942e-06
2.327598252698939541e+04 3.822005727760474777e-06
2.354603275312365804e+04 3.752973221463332587e-06
2.381921661315109668e+04 3.685216897769157248e-06
2.409557046942369197e+04 3.618712475912690932e-06
2.437513110623822649e+04 3.553436152878825904e-06
2.465793573473264405e+04 3.489364593650748087e-06
2.494402199783879041e+04 3.426474921665075143e-06
2.523342797529320887e+04 3.364744709468744249e-06
2.552619218870552504e+04 3.304151969573651581e-06
2.582235360668600333e+04 3.244675145504727007e-06
2.612195165003244983e+04 3.186293103036903914e-06
2.642502619697756381e+04 3.128985121617101353e-06
2.673161758849654143e+04 3.072730885967145972e-06
2.704176663367715810e+04 3.017510477863561216e-06
2.735551461515132178e+04 2.963304368090578138e-06
2.767290329459016357e+04 2.910093408562220774e-06
2.799397491826294572e+04 2.857858824610227011e-06
2.831877222265994715e+04 2.806582207433813735e-06
2.864733844018109448e+04 2.756245506708081088e-06
2.897971730489061156e+04 2.706831023347254343e-06
2.931595305833796738e+04 2.658321402419686985e-06
2.965609045544683977e+04 2.610699626211311392e-06
3.000017477047239663e+04 2.563949007434006690e-06
3.034825180302716399e+04 2.518053182576180055e-06
3.070036788417775097e+04 2.472996105392105562e-06
3.105656988261128936e+04 2.428762040527316854e-06
3.141690521087419620e+04 2.385335557276814576e-06
3.178142183168292831e+04 2.342701523473439060e-06
3.215016826430838410e+04 2.300845099503480906e-06
3.252319359103359238e+04 2.259751732446934160e-06
3.290054746368744236e+04 2.219407150339363093e-06
3.328228011025307205e+04 2.179797356553227726e-06
3.366844234155384038e+04 2.140908624295679782e-06
3.405908555801643524e+04 2.102727491220545450e-06
3.445426175651274389e+04 2.065240754152014851e-06
3.485402353728050366e+04 2.028435463917524224e-06
3.525842411092528346e+04 1.992298920287655637e-06
3.566751730550258799e+04 1.956818667020570728e-06
3.608135757368300256e+04 1.921982487008952375e-06
3.649999999999999272e+04 1.887778397527001284e-06
